114 0 0 1652
115 0 2 2451
125 0 1 1202
128 0 1 9593
133 0 0 24451
133 1 0 5259
133 1 1 21056
141 0 0 3178
143 0 0 1180
144 0 0 2424
205 0 0 1404
225 0 0 3455
233 0 0 1979
234 0 0 10201
234 0 1 76665
234 0 2 7059
238 0 0 1907
238 0 1 3294
263 0 0 7904
264 0 0 195817
266 0 0 23347
267 0 1 2870
272 0 1 1102
274 0 0 3505
275 0 0 4534
277 0 0 1577
277 0 1 5737
280 0 1 1438
292 0 1 1970
293 0 0 3207
293 0 1 13724
303 0 1 7237
303 0 2 13712
312 0 0 1572
312 0 1 3625
313 0 0 1160
336 0 1 1707
340 0 0 1179
341 0 2 1156
342 0 0 2791
345 0 1 2122
345 0 2 6962
347 0 0 12585
347 0 1 2178
347 0 4 10055
348 0 0 7048
351 0 1 1039
354 0 0 34410
