196 0 36018
348 0 14321
133 1 318426
264 0 298583
133 0 111456
271 0 6304
293 0 34555
125 0 2398
347 0 105527
356 0 12859
354 0 49479
234 0 190549
266 0 35924
277 0 19655
115 0 5617
344 0 495
303 0 32743
274 0 4814
263 0 19032
267 0 9556
351 0 2136
382 0 5948
272 0 2900
383 0 12918
385 0 5957
386 0 4327
143 0 2437
232 0 7907
238 0 12023
235 0 792
236 0 4144
360 0 53
310 0 1328
340 0 766
144 0 2828
345 0 14028
150 0 169
399 0 78
275 0 7807
234 1 247
302 0 1620
224 0 5132
357 0 4674
359 0 3674
128 0 10424
225 0 4184
205 0 2677
245 0 1388
388 1 49
397 0 1981
312 0 8417
307 0 377
364 0 806
367 0 31
210 1 637
176 0 2440
280 0 3124
292 0 4702
172 0 589
134 0 1913
353 0 127
305 0 145
224 1 634
141 0 3863
237 0 1337
269 0 3135
336 0 3400
389 0 3398
390 0 3235
333 0 129
338 0 1531
363 0 782
177 1 1251
140 0 521
163 0 1436
233 0 4254
413 0 66
114 0 3785
205 1 564
276 0 636
358 0 741
343 0 651
132 0 77
279 0 1148
384 0 2576
262 0 126
342 0 3544
291 1 81
393 0 383
276 1 2196
341 0 1725
273 0 30
214 0 1416
313 0 1806
131 1 216
217 0 451
153 0 832
155 0 68
118 0 621
130 0 59
151 0 646
213 0 1118
244 0 49
417 0 84
152 0 318
328 0 192
175 1 448
365 0 118
239 0 573
372 0 169
316 0 167
193 0 161
198 0 304
246 0 112
258 0 653
291 0 100
418 0 28
388 0 97
253 0 25
253 1 361
119 0 40
121 0 1
240 0 257
223 0 115
280 1 21
124 0 479
261 0 124
186 0 129
424 0 6
229 0 13
369 0 29
288 0 318
156 0 82
135 0 305
260 0 53
290 0 338
337 0 8
350 0 197
164 0 260
254 0 57
243 0 237
334 0 97
286 0 55
267 1 5
194 0 169
226 0 239
285 0 55
392 0 164
221 0 22
230 0 46
231 0 117
174 0 2
201 0 79
136 0 28
314 0 193
185 0 58
396 0 60
158 0 57
247 0 66
391 0 68
159 0 7
184 0 34
170 0 41
188 0 4
268 0 12
301 0 24
218 0 12
300 0 22
270 0 143
374 0 7
371 0 7
127 0 59
209 0 277
228 0 120
346 0 135
160 0 3
175 0 59
192 0 190
171 0 133
161 0 31
195 0 18
166 0 22
130 1 96
408 0 5
210 0 30
326 0 12
297 0 10
308 0 16
315 0 98
390 1 9
355 0 10
177 0 193
208 0 35
180 0 13
260 1 4
265 0 28
283 0 80
332 0 11
241 0 52
220 0 44
295 0 38
139 0 10
287 0 10
319 0 7
162 1 39
227 0 33
322 0 7
142 0 5
200 0 17
404 0 4
368 0 7
173 1 1
203 0 27
113 1 9
324 0 21
380 0 12
113 0 26
168 0 31
108 0 3
349 0 81
211 1 5
375 0 67
257 0 6
167 0 9
387 0 47
215 0 70
204 0 10
207 0 10
211 0 14
148 0 5
137 0 7
282 0 53
312 1 12
262 1 4
233 1 31
398 0 8
248 0 31
216 1 1
361 0 35
296 0 31
402 0 20
309 0 12
117 0 41
191 0 7
397 1 1
222 0 8
138 0 19
424 1 1
339 0 3
303 1 11
146 0 4
219 0 39
259 0 19
335 0 14
281 0 23
145 0 9
242 0 3
311 0 3
123 0 3
306 0 3
131 0 18
262 2 8
171 1 1
157 0 16
149 0 16
116 0 6
294 0 23
199 0 6
107 0 1
133 2 5
169 0 7
447 0 2
183 0 6
395 0 13
124 1 1
147 0 17
187 0 7
347 1 8
189 0 4
298 0 2
132 1 3
284 0 13
212 0 11
264 1 8
420 0 2
320 0 10
128 1 2
401 0 7
377 0 10
212 1 1
105 0 4
352 0 12
251 1 1
178 0 3
123 1 1
103 0 2
407 0 3
256 0 1
307 1 1
436 0 1
162 0 3
330 1 1
182 0 5
333 1 14
197 0 6
122 0 6
129 0 2
366 0 14
287 2 1
120 0 2
289 0 14
135 1 3
255 0 3
249 0 5
400 0 12
400 1 1
362 0 4
154 0 7
139 1 2
196 1 2
102 0 5
342 1 3
331 0 1
173 0 5
325 0 2
293 1 1
191 1 1
373 0 1
299 0 4
190 0 2
134 1 2
206 0 6
250 0 1
419 0 1
270 1 1
106 0 2
414 0 2
277 1 2
415 0 1
109 0 1
272 1 1
245 1 1
216 0 3
126 0 2
251 0 2
345 1 1
329 0 2
423 0 1
304 0 3
104 0 1
318 0 2
114 1 1
403 0 3
112 0 1
252 0 1
376 1 1
394 0 1
237 1 1
381 0 1
287 1 2
444 0 1
271 1 3
275 1 1
163 1 1
433 0 1
278 0 1
327 0 1
412 0 2
408 1 2
345 2 1
303 2 1
422 0 1
236 1 1
425 0 2
313 1 1
430 0 1
330 0 1
410 0 1
263 1 1
438 0 1
321 0 1
