196 0 1 15196
348 0 0 14209
133 1 1 197214
264 0 0 296376
133 0 0 106412
133 1 0 119907
271 0 0 2239
293 0 1 22139
196 0 2 9485
125 0 1 1844
271 0 1 4042
347 0 1 32070
347 0 4 38271
356 0 0 12789
354 0 0 49144
234 0 1 117517
266 0 0 35608
277 0 1 12739
115 0 2 3780
344 0 0 485
133 0 1 3826
234 0 0 55440
303 0 2 16507
274 0 0 4782
263 0 0 18596
267 0 0 3831
267 0 1 5485
267 0 2 224
351 0 0 633
351 0 1 1388
196 0 0 9950
382 0 2 717
293 0 0 12242
272 0 1 1869
383 0 1 6002
383 0 2 1695
385 0 1 3302
386 0 0 4261
143 0 0 2429
232 0 0 7843
238 0 0 3023
238 0 2 112
235 0 0 776
115 0 0 1641
236 0 1 2207
360 0 1 24
310 0 0 633
234 0 2 17084
340 0 0 759
347 0 3 11488
144 0 0 2821
345 0 0 2734
150 0 2 23
399 0 1 48
275 0 0 7721
275 0 1 59
238 0 1 6100
234 1 0 245
302 0 0 1599
303 0 0 9160
303 0 1 7012
347 0 0 8778
347 0 7 4579
224 0 0 4561
357 0 0 3329
359 0 0 1105
359 0 1 2562
128 0 0 1559
128 0 1 6912
128 0 2 975
128 0 3 978
225 0 0 3714
205 0 0 976
205 0 1 860
205 0 3 724
277 0 5 2901
277 0 0 3916
245 0 1 893
388 1 0 26
388 1 1 22
310 0 1 687
397 0 1 1200
345 0 2 8469
312 0 0 3630
307 0 0 115
307 0 1 132
364 0 1 519
367 0 1 18
210 1 1 294
236 0 0 1460
176 0 0 1079
280 0 1 1487
238 0 3 2768
292 0 0 1603
292 0 1 2940
172 0 0 584
312 0 1 4755
134 0 2 124
353 0 1 58
345 0 1 2665
345 0 3 135
347 0 2 10146
134 0 1 1199
264 0 1 1379
305 0 0 141
224 1 0 632
141 0 0 3515
353 0 0 41
237 0 1 521
237 0 3 417
269 0 0 3131
382 0 0 3207
382 0 1 1837
382 0 3 185
383 0 0 3939
210 1 0 341
336 0 1 2356
389 0 0 1322
390 0 2 422
333 0 0 52
333 0 1 66
280 0 0 634
280 0 2 726
338 0 0 1506
385 0 2 166
224 0 1 524
363 0 0 264
363 0 1 515
236 0 3 97
177 1 1 720
177 1 2 182
140 0 0 516
163 0 0 490
163 0 1 806
385 0 0 2482
233 0 0 4175
413 0 0 22
413 0 1 44
114 0 0 3713
125 0 0 522
389 0 1 1819
390 0 1 1092
205 1 0 305
390 0 0 1713
276 0 0 574
358 0 3 192
343 0 1 441
132 0 0 77
279 0 0 750
336 0 0 914
384 0 0 1237
262 0 0 115
176 0 1 1339
364 0 0 192
342 0 0 3511
133 1 3 840
291 1 0 66
291 1 1 15
225 0 3 35
393 0 0 362
133 0 2 1000
276 1 0 953
196 0 3 1352
341 0 1 170
225 0 1 416
273 0 0 19
205 1 1 254
336 0 2 117
272 0 0 1003
214 0 0 1408
313 0 0 1344
397 0 0 742
383 0 3 1273
276 1 1 1015
279 0 3 6
131 1 1 116
134 0 0 588
266 0 1 154
279 0 1 243
279 0 2 149
384 0 1 1319
217 0 0 431
153 0 1 447
155 0 0 41
313 0 1 450
357 0 1 1244
389 0 2 249
118 0 0 615
130 0 0 56
364 0 2 90
151 0 0 371
151 0 1 75
276 1 3 189
277 0 4 49
213 0 0 1113
264 0 3 736
244 0 0 22
417 0 0 81
152 0 0 292
153 0 0 308
341 0 0 440
341 0 2 1089
348 0 3 58
328 0 1 107
175 1 0 266
386 0 1 41
365 0 0 113
239 0 1 336
237 0 0 371
237 0 2 28
372 0 0 168
316 0 1 105
236 0 2 377
193 0 0 151
198 0 2 4
205 0 2 79
141 0 1 303
246 0 0 94
276 0 2 14
258 0 0 646
291 0 0 91
224 0 3 16
264 0 2 44
418 0 0 28
125 0 3 11
388 0 0 92
253 0 0 15
253 0 1 3
253 1 1 103
253 0 2 5
253 1 2 165
119 0 0 29
121 0 0 1
245 0 0 472
240 0 0 200
223 0 0 51
223 0 1 61
133 0 3 206
280 1 0 13
124 0 1 307
261 0 0 119
239 0 0 223
358 0 4 69
186 0 0 50
186 0 1 75
424 0 0 6
151 0 3 90
198 0 1 229
358 0 0 225
229 0 0 7
115 0 1 185
269 0 1 2
269 0 2 2
369 0 2 14
288 0 0 92
156 0 0 82
135 0 0 274
343 0 0 209
280 0 3 276
263 0 1 373
260 0 1 11
260 0 3 3
234 0 3 492
356 0 1 37
360 0 0 27
290 0 1 203
337 0 0 2
337 0 1 4
354 0 1 136
347 0 6 184
350 0 0 59
350 0 1 132
196 0 4 32
164 0 1 125
254 0 0 53
175 1 1 177
243 0 1 151
334 0 1 47
133 1 2 436
358 0 1 239
348 0 1 30
290 0 0 101
286 0 2 18
267 1 0 5
276 0 1 41
131 1 0 100
119 0 2 4
194 0 1 103
226 0 0 223
285 0 2 15
271 0 3 6
307 0 2 123
150 0 0 75
392 0 0 91
392 0 1 59
392 0 2 14
240 0 1 48
266 0 3 121
221 0 0 22
230 0 0 23
231 0 0 114
292 0 2 156
174 0 0 2
201 0 1 39
290 0 2 30
136 0 0 28
314 0 0 191
185 0 0 15
185 0 1 32
396 0 1 38
263 0 3 38
158 0 1 36
243 0 0 80
288 0 1 225
303 0 3 60
247 0 3 7
247 0 7 4
177 1 0 348
384 0 2 12
391 0 0 38
391 0 1 26
158 0 0 21
159 0 0 5
184 0 1 16
170 0 0 37
164 0 0 91
188 0 0 2
264 0 133 3
328 0 0 84
268 0 0 12
369 0 0 9
135 0 1 30
301 0 0 19
316 0 0 58
218 0 0 12
300 0 0 12
198 0 0 67
124 0 0 154
270 0 0 59
270 0 1 61
270 0 3 19
152 0 2 23
374 0 0 2
371 0 1 2
153 0 3 28
127 0 0 19
354 0 4 12
209 0 4 82
277 0 3 45
228 0 0 117
351 0 3 16
346 0 0 129
160 0 0 3
170 0 1 3
334 0 2 13
175 0 0 51
163 0 2 112
192 0 0 185
205 0 4 37
264 0 4 27
186 0 2 3
186 0 4 1
171 0 0 53
171 0 1 74
176 0 2 20
293 0 3 124
353 0 3 15
114 0 1 58
161 0 1 14
151 0 2 102
195 0 0 18
224 0 2 14
166 0 0 21
201 0 0 32
130 1 0 79
258 0 3 4
163 0 3 28
290 0 3 4
235 0 1 14
408 0 0 3
194 0 0 60
253 1 3 14
210 0 0 27
210 0 3 1
326 0 0 5
326 0 1 7
232 0 1 46
245 0 2 14
245 0 3 9
333 0 3 10
297 0 1 9
280 1 1 7
125 0 2 20
390 0 3 8
275 0 3 27
308 0 0 16
263 0 4 8
315 0 0 86
260 0 0 31
141 0 2 44
312 0 2 7
338 0 1 19
390 1 0 8
351 0 2 99
193 0 1 9
355 0 0 7
357 0 2 84
253 1 0 79
177 0 0 66
177 0 1 108
354 0 3 165
140 0 1 3
208 0 0 24
155 0 1 12
180 0 0 3
260 1 0 2
260 1 1 2
265 0 0 27
350 0 2 3
348 0 4 5
283 0 0 69
332 0 0 9
241 0 1 19
220 0 0 44
295 0 0 38
139 0 0 7
287 0 0 10
319 0 1 5
162 1 1 19
272 0 2 24
227 0 2 4
334 0 0 37
342 0 1 23
367 0 3 1
310 0 3 7
322 0 0 7
142 0 0 5
200 0 0 15
404 0 0 4
368 0 0 3
393 0 1 21
127 0 2 9
173 1 0 1
263 0 23 2
341 0 3 17
203 0 1 4
113 1 0 4
324 0 0 8
274 0 1 25
266 0 2 37
286 0 1 24
380 0 0 5
184 0 0 15
113 0 0 22
168 0 0 14
168 0 1 12
232 0 2 8
108 0 0 3
233 0 1 64
234 0 4 10
225 0 4 18
350 0 3 3
150 0 1 70
347 0 356 1
341 0 5 1
210 0 2 1
349 0 1 45
247 0 2 6
247 0 4 23
211 1 0 4
293 0 2 39
375 0 1 30
360 0 2 2
257 0 0 6
230 0 2 5
167 0 3 2
276 0 3 7
387 0 1 17
387 0 4 2
375 0 2 12
375 0 3 11
380 0 1 6
238 0 13 3
264 0 23 11
276 1 2 38
280 0 5 1
124 0 2 17
162 1 0 19
236 0 23 3
388 0 1 4
215 0 0 65
315 0 4 5
153 0 2 49
349 0 0 35
267 0 3 15
203 0 0 14
204 0 0 7
207 0 0 10
209 0 0 16
211 0 0 14
148 0 0 5
137 0 0 6
282 0 1 34
312 1 1 11
262 1 0 4
302 0 2 14
233 1 0 23
144 0 3 3
398 0 1 2
271 0 2 16
345 0 4 22
399 0 0 14
244 0 1 26
316 0 2 4
343 0 4 1
354 0 2 20
390 1 1 1
240 0 2 9
248 0 0 28
348 0 2 17
358 0 2 16
177 0 2 17
347 0 5 2
216 1 0 1
188 0 1 2
383 0 4 4
161 0 0 17
361 0 0 29
209 0 2 140
205 1 2 4
369 0 1 6
273 0 1 10
285 0 1 3
296 0 0 13
213 0 1 2
402 0 0 20
309 0 0 12
224 1 3 2
133 1 10 1
117 0 1 2
127 0 1 31
191 0 1 6
301 0 1 5
217 0 1 20
397 1 0 1
285 0 0 14
285 0 3 23
143 0 1 5
386 0 2 15
222 0 0 8
138 0 0 16
215 0 2 5
238 0 4 15
233 0 2 6
424 1 0 1
356 0 3 31
192 0 1 3
164 0 4 31
260 0 2 8
339 0 0 2
151 0 4 8
227 0 1 21
133 1 42 2
164 0 3 13
303 1 0 10
262 0 1 11
146 0 0 4
130 1 1 17
312 0 3 24
209 0 1 18
209 0 3 21
117 0 0 39
219 0 0 22
219 0 1 6
219 0 3 5
219 0 4 4
259 0 0 9
194 0 2 6
335 0 0 12
274 0 91 1
114 0 3 12
263 0 2 11
296 0 1 10
296 0 2 8
282 0 0 16
353 0 2 13
281 0 1 13
145 0 0 8
313 0 2 4
241 0 0 25
242 0 0 3
344 0 1 7
133 0 131 4
311 0 0 2
123 0 0 3
371 0 0 5
259 0 1 10
247 0 0 15
233 1 1 8
124 0 3 1
388 0 2 1
239 0 3 9
231 0 1 2
155 0 2 14
306 0 0 3
131 0 0 17
262 2 0 8
243 0 2 2
201 0 4 4
383 0 5 1
224 0 5 7
171 1 0 1
198 0 4 1
397 0 2 37
324 0 1 10
157 0 0 15
375 0 0 13
149 0 2 3
185 0 2 11
133 1 133 18
307 0 4 2
116 0 0 6
263 0 7 1
354 0 7 1
246 0 1 15
294 0 1 8
382 0 4 2
199 0 0 6
107 0 0 1
184 0 2 3
144 0 1 4
133 2 0 5
341 0 4 7
169 0 0 4
312 0 4 1
286 0 0 10
302 0 1 7
447 0 1 1
447 0 4 1
183 0 2 3
203 0 2 9
315 0 1 7
395 0 1 8
133 1 6 1
175 0 1 7
124 1 1 1
258 0 1 2
258 0 2 1
147 0 0 15
119 0 1 7
232 0 3 10
347 0 14 5
187 0 1 3
187 0 2 1
347 1 1 4
347 1 4 4
338 0 3 5
114 0 2 2
189 0 0 4
387 0 0 25
342 0 3 8
396 0 0 22
398 0 0 5
115 0 3 10
175 0 2 1
399 0 2 1
298 0 0 1
385 0 3 7
224 0 4 10
357 0 3 13
134 0 3 2
132 1 1 1
234 0 133 2
170 0 2 1
395 0 0 5
386 0 3 10
227 0 0 8
284 0 0 9
284 0 1 4
212 0 0 10
150 0 3 1
264 1 0 7
238 0 12 2
420 0 0 1
300 0 1 4
387 0 2 2
345 0 42 1
320 0 0 10
128 1 1 1
401 0 0 7
264 0 65 2
130 0 1 3
377 0 1 6
229 0 1 4
377 0 0 2
226 0 1 16
210 1 2 2
212 1 0 1
291 0 1 6
105 0 2 1
352 0 0 12
251 1 0 1
291 0 3 1
196 0 133 3
239 0 2 5
178 0 1 2
123 1 1 1
283 0 1 9
303 0 131 2
214 0 1 7
204 0 1 2
336 0 3 13
307 0 3 5
340 0 1 4
399 0 3 3
399 0 4 12
103 0 2 1
223 0 3 2
407 0 0 3
167 0 1 2
256 0 0 1
372 0 1 1
307 1 1 1
436 0 0 1
229 0 3 2
389 0 3 8
169 0 1 2
230 0 1 17
143 0 2 1
234 0 91 1
162 0 2 1
233 0 3 9
149 0 0 7
286 0 3 3
330 1 0 1
182 0 0 4
159 0 1 2
374 0 2 1
374 0 4 4
333 1 0 8
274 0 4 1
197 0 0 6
122 0 0 6
113 0 1 2
201 0 3 4
310 0 67 1
129 0 0 2
366 0 0 13
417 0 3 2
261 0 1 3
287 2 0 1
120 0 1 1
313 0 3 7
155 0 3 1
289 0 1 4
380 0 2 1
113 1 1 5
294 0 0 8
172 0 1 4
172 0 3 1
135 1 0 3
255 0 0 3
361 0 1 3
361 0 2 3
342 0 2 2
247 0 1 11
398 0 2 1
289 0 0 9
272 0 3 4
273 0 3 1
254 0 1 4
171 0 3 5
249 0 0 5
400 0 0 3
400 1 0 1
400 0 2 8
388 1 2 1
362 0 0 4
133 0 67 4
277 0 15 2
154 0 0 7
139 1 0 2
143 0 3 2
168 0 2 4
196 1 0 1
267 0 4 1
176 0 3 2
214 0 3 1
102 0 1 2
384 0 3 8
175 1 3 1
364 0 4 1
342 1 0 3
331 0 0 1
147 0 1 1
147 0 2 1
205 0 67 1
198 0 3 3
333 1 1 6
277 0 2 2
397 0 3 1
397 0 67 1
173 0 2 1
173 0 3 1
281 0 0 10
332 0 1 2
291 0 2 1
208 0 1 7
325 0 0 1
234 0 65 1
293 0 4 7
234 1 1 2
337 0 3 1
293 1 0 1
115 0 12 1
300 0 3 6
213 0 3 3
125 0 13 1
359 0 2 2
368 0 1 4
248 0 1 3
191 1 0 1
335 0 1 2
231 0 3 1
383 0 23 4
357 0 4 2
357 0 7 1
167 0 0 5
102 0 0 3
373 0 0 1
204 0 2 1
303 0 4 2
133 1 4 7
299 0 0 4
190 0 1 1
171 0 2 1
175 1 2 4
292 0 4 2
241 0 3 1
241 0 4 1
243 0 3 4
294 0 4 4
391 0 2 4
169 0 2 1
134 1 0 2
206 0 0 4
250 0 1 1
263 0 5 3
265 0 1 1
264 0 67 2
274 0 3 4
288 0 3 1
419 0 0 1
241 0 2 1
270 1 0 1
276 1 4 1
106 0 0 1
359 0 3 5
293 0 11 1
328 0 2 1
356 0 4 1
364 0 3 4
137 0 3 1
348 0 133 1
367 0 0 12
291 0 5 1
132 1 0 2
355 0 1 3
294 0 5 2
414 0 0 2
346 0 1 3
346 0 2 1
152 0 3 2
347 0 47 1
192 0 2 1
266 0 5 2
338 0 4 1
337 0 4 1
180 0 4 5
225 0 2 1
289 0 2 1
241 0 6 5
200 0 1 2
277 1 1 1
277 1 2 1
282 0 2 3
103 0 0 1
180 0 1 5
141 0 3 1
415 0 0 1
345 0 131 2
305 0 1 1
133 0 52 1
133 0 53 1
187 0 0 3
230 0 3 1
109 0 0 1
272 1 0 1
245 1 0 1
347 0 8 1
270 0 5 3
157 0 2 1
228 0 1 2
228 0 3 1
261 0 2 1
261 0 3 1
216 0 0 1
106 0 2 1
149 0 1 6
126 0 0 2
120 0 0 1
251 0 0 1
183 0 0 2
345 1 0 1
329 0 2 1
140 0 3 2
423 0 0 1
277 0 12 1
408 0 1 2
283 0 2 1
234 0 131 1
128 1 0 1
118 0 3 1
366 0 1 1
166 0 1 1
304 0 0 3
253 0 3 1
253 0 4 1
206 0 1 2
208 0 2 1
305 0 2 3
138 0 1 3
293 0 25 3
104 0 0 1
318 0 0 1
318 0 1 1
182 0 1 1
113 0 2 2
162 0 0 2
114 1 0 1
403 0 0 1
294 0 3 1
112 0 0 1
365 0 1 2
252 0 1 1
139 0 3 1
340 0 4 2
324 0 3 3
376 1 0 1
314 0 1 2
365 0 2 3
131 0 1 1
311 0 1 1
387 0 6 1
191 0 0 1
394 0 0 1
354 0 68 1
237 1 0 1
319 0 0 2
381 0 1 1
266 0 67 1
287 1 0 1
287 1 1 1
178 0 0 1
280 1 2 1
444 0 0 1
118 0 1 5
344 0 2 2
271 1 0 3
363 0 3 2
235 0 3 2
312 1 0 1
377 0 5 2
400 0 1 1
313 0 4 1
264 0 19 1
244 0 2 1
133 0 72 2
303 1 1 1
346 0 4 2
325 0 2 1
275 1 0 1
145 0 2 1
152 0 1 1
163 1 1 1
433 0 0 1
403 0 1 2
205 1 3 1
264 0 111 2
208 0 3 3
177 0 3 2
278 0 0 1
192 0 3 1
298 0 1 1
246 0 2 3
357 0 64 1
266 0 4 1
375 0 4 1
271 0 5 1
251 0 1 1
274 0 2 1
219 0 2 2
329 0 1 1
211 1 1 1
173 0 0 3
327 0 0 1
223 0 2 1
210 0 1 1
190 0 0 1
105 0 0 2
341 0 7 1
412 0 0 2
212 0 1 1
168 0 3 1
408 1 0 1
283 0 3 1
345 2 0 1
339 0 1 1
303 2 0 1
422 0 0 1
236 1 0 1
234 0 67 1
348 0 67 1
417 0 1 1
216 0 1 1
216 0 4 1
105 0 1 1
356 0 2 1
193 0 3 1
270 0 2 1
139 0 1 1
139 0 2 1
425 0 0 2
292 0 3 1
313 1 0 1
349 0 3 1
430 0 0 1
330 0 0 1
344 0 3 1
410 0 0 1
347 0 13 1
183 0 1 1
363 0 4 1
420 0 1 1
408 1 1 1
340 0 2 1
263 1 0 1
333 0 2 1
297 0 6 1
264 1 1 1
135 0 3 1
196 1 1 1
438 0 1 1
177 1 3 1
162 1 2 1
321 0 0 1
